Monat,Tag,Typ,Strecke in km,Zeit,Krafttraining,F-Strecke,F-Zeit
1,1,,,,,,
1,2,F,,,60,8.5,21:20
1,3,F,3,18,60,,
1,4,F,9,54,40,,
1,5,F,3,16:30,60,,
1,6,F,3,16:30,60,,
1,7,,,,,,
1,8,F,8,48,40,,
1,9,,,,,,
1,10,F,3,18,60,,
1,11,F,2,12,60,,
1,12,K,,,,,
1,13,K,,,,,
1,14,K,,,,,
1,15,K,,,,,
1,16,K,,,,,
1,17,F,,,30,10,26:55
1,18,F,,,35,10,26:31
1,19,,,,,,
1,20,F,,,50,5,12:41
1,21,F,5,30,40,,
1,22,F,5,30,30,,
1,23,,,,,,
1,24,F,3,17:30,60,,
1,25,F,8,48,40,,
1,26,,,,,,
1,27,F,3,16:30,60,,
1,28,F,8,48,40,,
1,29,F,2,12,60,,
1,30,,,,,,
1,31,F,3,16:30,60,,
2,1,F,8,48,30,,
2,2,F,3,16:30,60,,
2,3,F,6,32:50,45,,
2,4,F,2,12,40,,
2,5,F,3,16:30,60,,
2,6,,,,,,
2,7,F,3,16:30,60,,
2,8,F,8,48,40,,
2,9,F,3,16:30,60,,
2,10,F,3,16:30,60,,
2,11,F,8,48,40,,
2,12,F,3.2,17:30,60,,
2,13,F,,,60,7.5,19
2,14,F,8,48,40,,
2,15,F,3,16:30,60,,
2,16,F,,,60,7.5,19:19
2,17,F,3,18,50,,
2,18,F,3.2,17:12,60,,
2,19,F,,,60,7.5,19:33
2,20,F,8,48,40,,
2,21,F,,,60,7.5,19:12
2,22,F,3,16:30,63,,
2,23,F,8,45:30,40,,
2,24,F,,,60,7.5,18
2,25,F,3,16:30,60,,
2,26,F,8,45:30,40,,
2,27,F,8,45:30,40,,
2,28,F,,,60,7.5,19:17
3,1,F,3,16:25,60,,
3,2,,,,,,
3,3,F,3,17:08,60,,
3,4,F,8,48,40,,
3,5,F,,,60,8,20:30
3,6,,,,,,
3,7,L,6.14,33:37,,,
3,8,F,,,60,8,20:56
3,9,F,,,60,7.5,20
3,10,F,3,18,60,,
3,11,,,,,,
3,12,F,8,48,40,,
3,13,F,3,18,60,,
3,14,F,,,60,7.5,19:15
3,15,F,,,60,8,19:55
3,16,F,8,48,40,,
3,17,F,,,60,7.5,19:25
3,18,F,,,55,5,13
3,19,F,3,16:23,60,,
3,20,F,9,54,36,,
3,21,,,,,,
3,22,F,,,60,7.5,18:50
3,23,F,3,18,60,,
3,24,F,8,48,40,,
3,25,F,,,60,7.5,19:05
3,26,F,1,7:30,60,5,12:44
3,27,F,3,18,60,,
3,28,F,8,48,40,,
3,29,F,,,60,7.5,18:40
3,30,F,,,60,7.5,19
3,31,F,3,18,60,,
4,1,F,10,60,30,,
4,2,F,,,60,7.5,19:15
4,3,F,1,7:30,60,5,13:21
4,4,F,3,16:30,60,,
4,5,F,10,60,34,,
4,6,F,3.61,25:20,60,,
4,7,F,2,13:18,60,,
4,8,F,,,60,7.5,18:54
4,9,,,,,,
4,10,F,10,60,32,,
4,11,F,2,15,60,5,12:34
4,12,F,3,20,60,,
4,13,F,1,5:30,60,5,12:53
4,14,F,10,60,34,,
4,15,F,,,60,8,20:10
4,16,F,3,21:40,60,9,40
4,17,S,2.5,60,,11.4,42
4,18,F,10,60,34,,
4,19,F,1,7:30,60,5,12:55
4,20,F,3,18,60,,
4,21,F,3,18,60,,
4,22,F,10,60,30,,
4,23,F,2,14:36,60,5,13:10
4,24,S,2.5,60,,11.5,47:30
4,25,F,3,17:10,62,,
4,26,F,10,60,32,,
4,27,F,1.5,10,60,5,12:42
4,28,F,3,18:50,60,,
4,29,S,2.5,60,,11.35,45
4,30,F,10,60,30,,
5,1,F,,,60,10,16:06
5,2,F,3,20,60,,
5,3,F,1,6,40,26,100
5,4,F,10,60,34,,
5,5,S,2.5,60,,,
5,6,F,3,18:30,60,,
5,7,F,10,60,34,,
5,8,,,,,,
5,9,,,,,30,110
5,10,L,6.5,36,15,,
5,11,F,4,28,60,,
5,12,F,,,60,7.8,18:51
5,13,F,,,60,7.5,19:30
5,14,F,10,60,30,,
5,15,F,,,60,5,12:58
5,16,F,1,7:03,60,5,12:56
5,17,F,3,18,60,,
5,18,F,10,60,34,,
5,19,,,,60,7.5,19:30
5,20,F,2,13:18,60,,
5,21,F,10,60,32,,
5,22,,,,,20,70
5,23,F,,,60,7.5,19:40
5,24,F,3,20,60,,
5,25,F,1,6,40,5,14
5,26,,,,,10,40
5,27,S,2.25,52,,20,70
5,28,F,5,30,40,,
5,29,,,,,20.75,68
5,30,L,8.45,47:23,,,
5,31,F,,,60,5,13:22
6,1,B,13.71,102,,18.85,70
6,2,,,,,10.9,19:49
6,3,,,,,9.6,33:06
6,4,F,3,17:09,55,,
6,5,,,,,9.6,35:50
6,6,F,,,60,7.5,20:09
6,7,F,3,18,69,,
6,8,B,14.78,91,,,
6,9,,,,,,
6,10,F,3,18,55,,
6,11,F,10,60,24,,
6,12,,,,,,
6,13,S,2.5,56:30,,,
6,14,F,,,60,7.5,19:23
6,15,B,18.22,110,,1.7,6
6,16,,,,,3.1,12
6,17,S,2.5,57,,20,70
6,18,F,3,18,60,,
6,19,,,,,20,65
6,20,S,2.75,62,,11.1,40
6,21,F,2,13,55,,
6,22,B,15.1,84,,,
6,23,,,,,10.6,36:30
6,24,S,2.75,62,,20,70
6,25,F,2,12:48,60,,
6,26,L,3.14,19:11,,,
6,27,S,2.75,64,,11,40
6,28,F,2,13:20,60,,
6,29,,,,,,
6,30,F,3,18,57,,
7,1,S,2.5,58,,,
7,2,F,10,60,30,,
7,3,,,,,19.56,72
7,4,F,3,18,60,,
7,5,F,3,18,60,,
7,6,,,,,,
7,7,F,,,60,7.5,20
7,8,S,2.5,58,,,
7,9,F,10,60,30,,
7,10,,,,,,
7,11,F,3,18,60,,
7,12,F,,,30,7.5,20
7,13,,,,,,
7,14,F,3,18,60,,
7,15,S,2.5,58,,,
7,16,F,3,18,60,,
7,17,,,,,,
7,18,F,,,50,7.5,20
7,19,F,,,60,7.5,20
7,20,F,,,60,7.5,20
7,21,B,13.5,90,,13,40
7,22,,,,,,
7,23,F,10,60,33,,
7,24,F,1,5:30,35,19,60
7,25,,,,,,
7,26,,,,,,
7,27,,,,,,
7,28,,,,,,
7,29,,,,,,
7,30,,,,,,
7,31,,,,,,
8,1,,,,,,
8,2,,,,,,
8,3,,,,,,
8,4,,,,,,
8,5,,,,,,
8,6,,,,,,
8,7,,,,,,
8,8,,,,,,
8,9,,,,,,
8,10,,,,,,
8,11,,,,,,
8,12,,,,,,
8,13,,,,,,
8,14,,,,,,
8,15,,,,,,
8,16,,,,,,
8,17,,,,,,
8,18,,,,,,
8,19,,,,,,
8,20,,,,,,
8,21,,,,,,
8,22,,,,,,
8,23,,,,,,
8,24,,,,,,
8,25,,,,,,
8,26,,,,,,
8,27,,,,,,
8,28,,,,,,
8,29,,,,,,
8,30,,,,,,
8,31,,,,,,
9,1,,,,,,
9,2,,,,,,
9,3,,,,,,
9,4,,,,,,
9,5,,,,,,
9,6,,,,,,
9,7,,,,,,
9,8,,,,,,
9,9,,,,,,
9,10,,,,,,
9,11,,,,,,
9,12,,,,,,
9,13,,,,,,
9,14,,,,,,
9,15,,,,,,
9,16,,,,,,
9,17,,,,,,
9,18,,,,,,
9,19,,,,,,
9,20,,,,,,
9,21,,,,,,
9,22,,,,,,
9,23,,,,,,
9,24,,,,,,
9,25,,,,,,
9,26,,,,,,
9,27,,,,,,
9,28,,,,,,
9,29,,,,,,
9,30,,,,,,
10,1,,,,,,
10,2,,,,,,
10,3,,,,,,
10,4,,,,,,
10,5,,,,,,
10,6,,,,,,
10,7,,,,,,
10,8,,,,,,
10,9,,,,,,
10,10,,,,,,
10,11,,,,,,
10,12,,,,,,
10,13,,,,,,
10,14,,,,,,
10,15,,,,,,
10,16,,,,,,
10,17,,,,,,
10,18,,,,,,
10,19,,,,,,
10,20,,,,,,
10,21,,,,,,
10,22,,,,,,
10,23,,,,,,
10,24,,,,,,
10,25,,,,,,
10,26,,,,,,
10,27,,,,,,
10,28,,,,,,
10,29,,,,,,
10,30,,,,,,
10,31,,,,,,
11,1,,,,,,
11,2,,,,,,
11,3,,,,,,
11,4,,,,,,
11,5,,,,,,
11,6,,,,,,
11,7,,,,,,
11,8,,,,,,
11,9,,,,,,
11,10,,,,,,
11,11,,,,,,
11,12,,,,,,
11,13,,,,,,
11,14,,,,,,
11,15,,,,,,
11,16,,,,,,
11,17,,,,,,
11,18,,,,,,
11,19,,,,,,
11,20,,,,,,
11,21,,,,,,
11,22,,,,,,
11,23,,,,,,
11,24,,,,,,
11,25,,,,,,
11,26,,,,,,
11,27,,,,,,
11,28,,,,,,
11,29,,,,,,
11,30,,,,,,
12,1,,,,,,
12,2,,,,,,
12,3,,,,,,
12,4,,,,,,
12,5,,,,,,
12,6,,,,,,
12,7,,,,,,
12,8,,,,,,
12,9,,,,,,
12,10,,,,,,
12,11,,,,,,
12,12,,,,,,
12,13,,,,,,
12,14,,,,,,
12,15,,,,,,
12,16,,,,,,
12,17,,,,,,
12,18,,,,,,
12,19,,,,,,
12,20,,,,,,
12,21,,,,,,
12,22,,,,,,
12,23,,,,,,
12,24,,,,,,
12,25,,,,,,
12,26,,,,,,
12,27,,,,,,
12,28,,,,,,
12,29,,,,,,
12,30,,,,,,
12,31,,,,,,
